coherent bert-base-uncased
              precision    recall  f1-score   support

           0       0.02      0.14      0.03        21
           1       0.05      0.04      0.04       133
           2       0.01      0.14      0.01         7
           3       0.02      0.11      0.03        35
           4       0.02      0.10      0.03        20
           5       0.00      0.04      0.01        26
           6       0.17      0.06      0.09       188
           7       0.09      0.07      0.08       121
           8       0.04      0.16      0.06        61
           9       0.23      0.14      0.17        95
          10       0.00      0.00      0.00         4
          11       0.64      0.22      0.32       569
          12       0.56      0.15      0.24       296
          13       0.72      0.12      0.21      1479
          14       0.00      0.00      0.00        13
          15       0.01      0.06      0.01        17
          16       0.16      0.07      0.10       156
          17       0.04      0.18      0.07        28
          18       0.01      0.22      0.01         9
          19       0.00      0.00      0.00         2

    accuracy                           0.13      3280
   macro avg       0.14      0.10      0.08      3280
weighted avg       0.52      0.13      0.19      3280

coherent roberta-base
              precision    recall  f1-score   support

           0       0.02      0.10      0.03        21
           1       0.23      0.08      0.11       133
           2       0.00      0.14      0.01         7
           3       0.01      0.06      0.02        35
           4       0.00      0.00      0.00        20
           5       0.01      0.04      0.01        26
           6       0.24      0.07      0.11       188
           7       0.02      0.02      0.02       121
           8       0.01      0.03      0.02        61
           9       0.02      0.02      0.02        95
          10       0.00      0.00      0.00         4
          11       0.11      0.02      0.04       569
          12       0.11      0.03      0.05       296
          13       0.42      0.11      0.18      1479
          14       0.01      0.08      0.01        13
          15       0.00      0.00      0.00        17
          16       0.04      0.04      0.04       156
          17       0.02      0.07      0.03        28
          18       0.00      0.00      0.00         9
          19       0.00      0.00      0.00         2

    accuracy                           0.07      3280
   macro avg       0.06      0.05      0.03      3280
weighted avg       0.24      0.07      0.11      3280

coherent xlnet-base-cased
              precision    recall  f1-score   support

           0       0.02      0.05      0.02        21
           1       0.08      0.04      0.05       133
           2       0.00      0.00      0.00         7
           3       0.00      0.03      0.00        35
           4       0.00      0.00      0.00        20
           5       0.04      0.12      0.06        26
           6       0.12      0.03      0.05       188
           7       0.06      0.03      0.04       121
           8       0.06      0.08      0.07        61
           9       0.17      0.06      0.09        95
          10       0.00      0.00      0.00         4
          11       0.33      0.08      0.12       569
          12       0.28      0.07      0.11       296
          13       0.52      0.06      0.11      1479
          14       0.00      0.23      0.01        13
          15       0.00      0.00      0.00        17
          16       0.26      0.12      0.17       156
          17       0.03      0.14      0.05        28
          18       0.00      0.00      0.00         9
          19       0.00      0.00      0.00         2

    accuracy                           0.06      3280
   macro avg       0.10      0.06      0.05      3280
weighted avg       0.35      0.06      0.10      3280

coherent spanbert-base-cased
              precision    recall  f1-score   support

           0       0.01      0.05      0.01        21
           1       0.03      0.02      0.02       133
           2       0.00      0.00      0.00         7
           3       0.02      0.09      0.03        35
           4       0.03      0.20      0.05        20
           5       0.01      0.04      0.01        26
           6       0.17      0.07      0.10       188
           7       0.07      0.07      0.07       121
           8       0.02      0.07      0.03        61
           9       0.15      0.13      0.14        95
          10       0.00      0.25      0.01         4
          11       0.51      0.12      0.20       569
          12       0.40      0.12      0.19       296
          13       0.65      0.09      0.16      1479
          14       0.01      0.08      0.01        13
          15       0.00      0.00      0.00        17
          16       0.06      0.04      0.05       156
          17       0.01      0.07      0.02        28
          18       0.00      0.11      0.01         9
          19       0.00      0.00      0.00         2

    accuracy                           0.09      3280
   macro avg       0.11      0.08      0.06      3280
weighted avg       0.44      0.09      0.14      3280

diff-sum bert-base-uncased
              precision    recall  f1-score   support

           0       0.04      0.19      0.06        21
           1       0.10      0.08      0.09       133
           2       0.00      0.00      0.00         7
           3       0.01      0.11      0.03        35
           4       0.00      0.00      0.00        20
           5       0.02      0.08      0.03        26
           6       0.22      0.11      0.14       188
           7       0.18      0.11      0.13       121
           8       0.08      0.21      0.12        61
           9       0.21      0.15      0.17        95
          10       0.01      0.25      0.01         4
          11       0.66      0.23      0.34       569
          12       0.51      0.15      0.23       296
          13       0.72      0.17      0.28      1479
          14       0.01      0.15      0.02        13
          15       0.01      0.18      0.02        17
          16       0.17      0.08      0.11       156
          17       0.07      0.29      0.12        28
          18       0.00      0.11      0.01         9
          19       0.00      0.00      0.00         2

    accuracy                           0.16      3280
   macro avg       0.15      0.13      0.10      3280
weighted avg       0.53      0.16      0.24      3280

diff-sum roberta-base
              precision    recall  f1-score   support

           0       0.10      0.24      0.14        21
           1       0.09      0.04      0.05       133
           2       0.00      0.00      0.00         7
           3       0.02      0.14      0.04        35
           4       0.01      0.05      0.01        20
           5       0.01      0.04      0.02        26
           6       0.34      0.12      0.17       188
           7       0.03      0.03      0.03       121
           8       0.04      0.07      0.05        61
           9       0.03      0.03      0.03        95
          10       0.00      0.00      0.00         4
          11       0.13      0.02      0.04       569
          12       0.15      0.04      0.06       296
          13       0.31      0.02      0.04      1479
          14       0.00      0.08      0.01        13
          15       0.01      0.18      0.02        17
          16       0.10      0.06      0.07       156
          17       0.01      0.11      0.02        28
          18       0.00      0.11      0.00         9
          19       0.00      0.00      0.00         2

    accuracy                           0.04      3280
   macro avg       0.07      0.07      0.04      3280
weighted avg       0.21      0.04      0.05      3280

diff-sum xlnet-base-cased
              precision    recall  f1-score   support

           0       0.04      0.10      0.06        21
           1       0.13      0.05      0.07       133
           2       0.00      0.00      0.00         7
           3       0.01      0.09      0.02        35
           4       0.01      0.05      0.02        20
           5       0.00      0.00      0.00        26
           6       0.22      0.05      0.09       188
           7       0.11      0.06      0.08       121
           8       0.00      0.00      0.00        61
           9       0.28      0.12      0.16        95
          10       0.00      0.25      0.01         4
          11       0.70      0.20      0.31       569
          12       0.50      0.12      0.19       296
          13       0.68      0.18      0.29      1479
          14       0.00      0.08      0.01        13
          15       0.01      0.06      0.01        17
          16       0.16      0.09      0.12       156
          17       0.00      0.00      0.00        28
          18       0.00      0.11      0.00         9
          19       0.00      0.00      0.00         2

    accuracy                           0.14      3280
   macro avg       0.14      0.08      0.07      3280
weighted avg       0.51      0.14      0.22      3280

diff-sum spanbert-base-cased
              precision    recall  f1-score   support

           0       0.01      0.10      0.02        21
           1       0.08      0.06      0.07       133
           2       0.01      0.29      0.02         7
           3       0.02      0.11      0.03        35
           4       0.00      0.00      0.00        20
           5       0.01      0.04      0.01        26
           6       0.14      0.07      0.09       188
           7       0.07      0.07      0.07       121
           8       0.03      0.08      0.05        61
           9       0.15      0.14      0.14        95
          10       0.00      0.00      0.00         4
          11       0.44      0.11      0.18       569
          12       0.31      0.08      0.12       296
          13       0.67      0.10      0.17      1479
          14       0.01      0.23      0.03        13
          15       0.01      0.18      0.02        17
          16       0.08      0.06      0.07       156
          17       0.01      0.04      0.02        28
          18       0.01      0.11      0.02         9
          19       0.00      0.00      0.00         2

    accuracy                           0.09      3280
   macro avg       0.10      0.09      0.06      3280
weighted avg       0.43      0.09      0.14      3280

endpoint bert-base-uncased
              precision    recall  f1-score   support

           0       0.04      0.24      0.06        21
           1       0.09      0.05      0.07       133
           2       0.00      0.14      0.01         7
           3       0.02      0.09      0.03        35
           4       0.04      0.20      0.06        20
           5       0.01      0.04      0.01        26
           6       0.22      0.10      0.14       188
           7       0.13      0.07      0.10       121
           8       0.04      0.11      0.06        61
           9       0.18      0.14      0.15        95
          10       0.01      0.50      0.02         4
          11       0.72      0.23      0.34       569
          12       0.46      0.13      0.21       296
          13       0.68      0.14      0.23      1479
          14       0.01      0.15      0.02        13
          15       0.01      0.12      0.01        17
          16       0.24      0.14      0.18       156
          17       0.06      0.18      0.10        28
          18       0.01      0.22      0.01         9
          19       0.00      0.00      0.00         2

    accuracy                           0.14      3280
   macro avg       0.15      0.15      0.09      3280
weighted avg       0.51      0.14      0.21      3280

endpoint roberta-base
              precision    recall  f1-score   support

           0       0.01      0.05      0.02        21
           1       0.06      0.06      0.06       133
           2       0.00      0.00      0.00         7
           3       0.00      0.03      0.01        35
           4       0.01      0.10      0.02        20
           5       0.01      0.08      0.02        26
           6       0.26      0.12      0.16       188
           7       0.06      0.05      0.05       121
           8       0.04      0.03      0.04        61
           9       0.05      0.04      0.05        95
          10       0.00      0.00      0.00         4
          11       0.09      0.02      0.04       569
          12       0.16      0.03      0.06       296
          13       0.39      0.03      0.05      1479
          14       0.00      0.08      0.00        13
          15       0.01      0.12      0.01        17
          16       0.11      0.06      0.08       156
          17       0.05      0.11      0.07        28
          18       0.01      0.11      0.01         9
          19       0.00      0.00      0.00         2

    accuracy                           0.04      3280
   macro avg       0.07      0.06      0.04      3280
weighted avg       0.24      0.04      0.06      3280

endpoint xlnet-base-cased
              precision    recall  f1-score   support

           0       0.00      0.00      0.00        21
           1       0.14      0.06      0.08       133
           2       0.00      0.00      0.00         7
           3       0.01      0.17      0.03        35
           4       0.00      0.00      0.00        20
           5       0.02      0.04      0.02        26
           6       0.16      0.04      0.07       188
           7       0.12      0.07      0.09       121
           8       0.06      0.11      0.08        61
           9       0.23      0.17      0.19        95
          10       0.00      0.25      0.01         4
          11       0.69      0.18      0.28       569
          12       0.47      0.13      0.20       296
          13       0.70      0.14      0.23      1479
          14       0.00      0.15      0.01        13
          15       0.02      0.24      0.04        17
          16       0.20      0.12      0.15       156
          17       0.00      0.00      0.00        28
          18       0.00      0.11      0.01         9
          19       0.00      0.00      0.00         2

    accuracy                           0.13      3280
   macro avg       0.14      0.10      0.07      3280
weighted avg       0.51      0.13      0.20      3280

endpoint spanbert-base-cased
              precision    recall  f1-score   support

           0       0.01      0.10      0.02        21
           1       0.05      0.04      0.04       133
           2       0.00      0.14      0.01         7
           3       0.02      0.11      0.04        35
           4       0.01      0.10      0.02        20
           5       0.00      0.00      0.00        26
           6       0.16      0.08      0.11       188
           7       0.05      0.06      0.06       121
           8       0.02      0.07      0.03        61
           9       0.09      0.11      0.10        95
          10       0.00      0.25      0.01         4
          11       0.54      0.12      0.19       569
          12       0.36      0.13      0.19       296
          13       0.65      0.09      0.15      1479
          14       0.01      0.23      0.02        13
          15       0.00      0.06      0.01        17
          16       0.05      0.03      0.03       156
          17       0.01      0.04      0.02        28
          18       0.00      0.11      0.01         9
          19       0.00      0.00      0.00         2

    accuracy                           0.09      3280
   macro avg       0.10      0.09      0.05      3280
weighted avg       0.44      0.09      0.14      3280

avgpooling bert-base-uncased
              precision    recall  f1-score   support

           0       0.07      0.14      0.09        21
           1       0.11      0.03      0.05       133
           2       0.01      0.14      0.01         7
           3       0.02      0.09      0.03        35
           4       0.04      0.10      0.06        20
           5       0.02      0.08      0.03        26
           6       0.28      0.07      0.11       188
           7       0.14      0.04      0.06       121
           8       0.06      0.03      0.04        61
           9       0.22      0.11      0.14        95
          10       0.01      0.25      0.02         4
          11       0.57      0.25      0.34       569
          12       0.37      0.06      0.11       296
          13       0.63      0.13      0.22      1479
          14       0.01      0.15      0.01        13
          15       0.01      0.12      0.01        17
          16       0.17      0.13      0.15       156
          17       0.03      0.21      0.05        28
          18       0.00      0.11      0.00         9
          19       0.00      0.50      0.01         2

    accuracy                           0.13      3280
   macro avg       0.14      0.14      0.08      3280
weighted avg       0.46      0.13      0.19      3280

avgpooling roberta-base
              precision    recall  f1-score   support

           0       0.01      0.05      0.02        21
           1       0.10      0.04      0.05       133
           2       0.00      0.00      0.00         7
           3       0.01      0.09      0.02        35
           4       0.00      0.00      0.00        20
           5       0.01      0.04      0.02        26
           6       0.27      0.13      0.18       188
           7       0.06      0.10      0.07       121
           8       0.04      0.03      0.04        61
           9       0.07      0.05      0.06        95
          10       0.00      0.00      0.00         4
          11       0.09      0.02      0.04       569
          12       0.12      0.03      0.05       296
          13       0.56      0.16      0.25      1479
          14       0.01      0.08      0.01        13
          15       0.00      0.06      0.00        17
          16       0.15      0.06      0.08       156
          17       0.04      0.29      0.06        28
          18       0.01      0.22      0.02         9
          19       0.00      0.00      0.00         2

    accuracy                           0.10      3280
   macro avg       0.08      0.07      0.05      3280
weighted avg       0.31      0.10      0.15      3280

avgpooling xlnet-base-cased
              precision    recall  f1-score   support

           0       0.02      0.05      0.03        21
           1       0.17      0.08      0.11       133
           2       0.01      0.14      0.02         7
           3       0.01      0.09      0.01        35
           4       0.04      0.10      0.06        20
           5       0.00      0.00      0.00        26
           6       0.19      0.06      0.09       188
           7       0.13      0.06      0.08       121
           8       0.04      0.03      0.04        61
           9       0.24      0.12      0.16        95
          10       0.02      0.50      0.03         4
          11       0.60      0.23      0.33       569
          12       0.29      0.05      0.09       296
          13       0.59      0.15      0.24      1479
          14       0.00      0.00      0.00        13
          15       0.01      0.12      0.01        17
          16       0.21      0.14      0.17       156
          17       0.12      0.32      0.18        28
          18       0.01      0.22      0.01         9
          19       0.00      0.50      0.01         2

    accuracy                           0.14      3280
   macro avg       0.14      0.15      0.08      3280
weighted avg       0.44      0.14      0.20      3280

avgpooling spanbert-base-cased
              precision    recall  f1-score   support

           0       0.02      0.05      0.02        21
           1       0.02      0.01      0.01       133
           2       0.00      0.00      0.00         7
           3       0.00      0.06      0.01        35
           4       0.04      0.10      0.06        20
           5       0.01      0.12      0.03        26
           6       0.22      0.09      0.12       188
           7       0.05      0.02      0.03       121
           8       0.04      0.05      0.04        61
           9       0.11      0.07      0.09        95
          10       0.01      0.25      0.02         4
          11       0.32      0.03      0.06       569
          12       0.36      0.07      0.11       296
          13       0.51      0.08      0.14      1479
          14       0.00      0.00      0.00        13
          15       0.01      0.12      0.02        17
          16       0.14      0.10      0.11       156
          17       0.02      0.07      0.03        28
          18       0.00      0.00      0.00         9
          19       0.00      0.50      0.00         2

    accuracy                           0.07      3280
   macro avg       0.09      0.09      0.05      3280
weighted avg       0.35      0.07      0.10      3280

maxpooling bert-base-uncased
              precision    recall  f1-score   support

           0       0.00      0.00      0.00        21
           1       0.06      0.02      0.02       133
           2       0.00      0.00      0.00         7
           3       0.01      0.20      0.03        35
           4       0.03      0.05      0.03        20
           5       0.05      0.19      0.08        26
           6       0.22      0.04      0.07       188
           7       0.14      0.07      0.09       121
           8       0.09      0.08      0.09        61
           9       0.22      0.12      0.15        95
          10       0.01      0.25      0.02         4
          11       0.35      0.18      0.24       569
          12       0.40      0.06      0.11       296
          13       0.47      0.05      0.09      1479
          14       0.00      0.08      0.00        13
          15       0.00      0.00      0.00        17
          16       0.14      0.11      0.12       156
          17       0.09      0.21      0.12        28
          18       0.00      0.11      0.00         9
          19       0.00      0.00      0.00         2

    accuracy                           0.08      3280
   macro avg       0.11      0.09      0.06      3280
weighted avg       0.34      0.08      0.12      3280

maxpooling roberta-base
              precision    recall  f1-score   support

           0       0.00      0.00      0.00        21
           1       0.04      0.02      0.02       133
           2       0.02      0.14      0.04         7
           3       0.00      0.00      0.00        35
           4       0.02      0.05      0.03        20
           5       0.03      0.04      0.03        26
           6       0.33      0.07      0.12       188
           7       0.06      0.35      0.11       121
           8       0.06      0.03      0.04        61
           9       0.11      0.04      0.06        95
          10       0.00      0.00      0.00         4
          11       0.18      0.03      0.05       569
          12       0.07      0.03      0.04       296
          13       0.44      0.14      0.21      1479
          14       0.00      0.00      0.00        13
          15       0.00      0.00      0.00        17
          16       0.05      0.10      0.07       156
          17       0.04      0.25      0.06        28
          18       0.00      0.00      0.00         9
          19       0.00      0.00      0.00         2

    accuracy                           0.10      3280
   macro avg       0.07      0.06      0.04      3280
weighted avg       0.26      0.10      0.13      3280

maxpooling xlnet-base-cased
              precision    recall  f1-score   support

           0       0.02      0.05      0.03        21
           1       0.10      0.03      0.05       133
           2       0.00      0.00      0.00         7
           3       0.02      0.20      0.04        35
           4       0.00      0.00      0.00        20
           5       0.01      0.04      0.02        26
           6       0.23      0.05      0.08       188
           7       0.08      0.02      0.04       121
           8       0.08      0.08      0.08        61
           9       0.26      0.13      0.17        95
          10       0.02      0.50      0.05         4
          11       0.55      0.14      0.23       569
          12       0.38      0.06      0.11       296
          13       0.52      0.10      0.17      1479
          14       0.01      0.31      0.02        13
          15       0.01      0.06      0.01        17
          16       0.17      0.18      0.17       156
          17       0.02      0.11      0.04        28
          18       0.00      0.22      0.01         9
          19       0.00      0.00      0.00         2

    accuracy                           0.10      3280
   macro avg       0.12      0.11      0.06      3280
weighted avg       0.40      0.10      0.15      3280

maxpooling spanbert-base-cased
              precision    recall  f1-score   support

           0       0.00      0.00      0.00        21
           1       0.06      0.02      0.02       133
           2       0.00      0.00      0.00         7
           3       0.01      0.06      0.01        35
           4       0.06      0.15      0.08        20
           5       0.02      0.19      0.04        26
           6       0.19      0.03      0.05       188
           7       0.09      0.03      0.05       121
           8       0.04      0.03      0.04        61
           9       0.18      0.08      0.11        95
          10       0.00      0.00      0.00         4
          11       0.39      0.07      0.11       569
          12       0.38      0.07      0.11       296
          13       0.43      0.06      0.11      1479
          14       0.00      0.15      0.01        13
          15       0.01      0.12      0.03        17
          16       0.07      0.10      0.08       156
          17       0.04      0.14      0.06        28
          18       0.00      0.11      0.00         9
          19       0.00      0.00      0.00         2

    accuracy                           0.06      3280
   macro avg       0.10      0.07      0.05      3280
weighted avg       0.32      0.06      0.09      3280
